7	943	14	966	14	965	48	942	48
2:39	988	18	1056	19	1055	46	987	45
unpa.	200	110	397	110	397	163	200	163
(	37	125	55	125	55	148	37	148
STORE	48	128	122	128	122	146	48	146
홈	67	240	96	240	96	273	67	273
리뷰	216	240	278	240	278	274	216	274
뷰티	364	240	425	240	425	274	364	274
팁	434	240	458	240	458	273	434	273
이벤트	530	240	627	240	627	275	530	275
포토	712	242	776	243	776	271	712	270
Q&A	873	245	945	245	945	276	873	276
커듀	1026	242	1078	241	1079	274	1027	275
에뛰드	26	429	132	429	132	472	26	472
하우스	134	429	230	429	230	472	134	472
흔치	254	433	314	433	314	467	254	467
않은	322	434	385	434	385	467	322	467
대조	399	433	461	433	461	467	399	467
녜	467	433	492	433	492	467	467	467
스킨	556	430	634	430	634	473	556	473
푸드	636	430	693	430	693	473	636	473
다른	716	433	778	433	778	467	716	467
립	790	430	817	430	817	473	790	473
과	819	430	854	430	854	473	819	473
케미	867	433	917	433	917	467	867	467
폭발	925	433	999	433	999	467	925	467
섀도우	34	489	131	489	131	522	34	522
Saemmul	193	764	325	756	326	780	194	788
먼파	830	803	855	805	854	819	829	817
by	861	809	873	810	872	821	860	820
부	877	807	892	808	890	824	875	823
부품	894	809	906	810	904	826	892	825
TR	610	834	634	829	637	842	613	847
COLORS	654	825	688	816	691	829	657	838
FOR	698	813	709	809	714	821	703	825
THELPSACHITIS	714	805	793	763	801	777	722	819
더샘	58	1023	93	1023	93	1027	58	1027
발색	119	1014	179	1014	179	1048	119	1048
짱짱	194	1010	259	1010	259	1053	194	1053
귤색	262	1010	334	1010	334	1053	262	1053
블러셔	346	1014	441	1014	441	1048	346	1048
스킨	555	1010	633	1010	633	1053	555	1053
푸드	635	1010	692	1010	692	1053	635	1053
멀티	716	1014	775	1014	775	1048	716	1048
로	783	1017	812	1017	812	1044	783	1044
생기	825	1014	885	1014	885	1048	825	1048
발랄	887	1010	955	1010	955	1053	887	1053
충전	957	1010	1021	1010	1021	1053	957	1053
더보기	947	1264	1013	1264	1013	1288	947	1288
>	1032	1267	1044	1267	1044	1288	1032	1288
#	3	1245	73	1245	73	1310	3	1310
핫이슈	75	1245	205	1245	205	1310	75	1310
BEYOND	530	1382	603	1386	602	1403	529	1399
THE	713	1400	737	1392	741	1404	717	1412
SOLUTION	717	1411	781	1389	787	1405	722	1427
FRMNG	723	1434	753	1424	757	1433	726	1443
FACE	756	1424	771	1419	774	1427	759	1433
MASK	773	1418	792	1411	795	1420	776	1427
MASQU	729	1443	753	1436	756	1446	732	1453
RAERMSSANT	756	1436	808	1421	810	1429	759	1445
unpa.	64	1426	237	1430	236	1477	63	1473
01/	919	1462	1013	1463	1012	1538	918	1537
탄력	747	1517	769	1510	772	1519	750	1526
마스크	772	1508	804	1497	808	1507	776	1518
BEAUTY	74	1514	377	1514	377	1575	74	1575
NEWS.	406	1514	663	1514	663	1575	406	1575
02.14	810	1552	1017	1554	1016	1625	809	1623
Fll	979	1610	1065	1644	1039	1711	952	1677
DAY	813	1602	890	1633	874	1673	797	1642
highlighter	483	1656	605	1712	599	1724	478	1668
LASTING	791	1667	824	1683	820	1692	787	1676
PRIMER	829	1685	854	1697	850	1706	825	1694
COver	954	1671	1010	1698	1002	1714	946	1687
AR	785	1706	801	1713	797	1721	781	1714
unpa.	28	1769	134	1770	134	1797	28	1796
