Line #1: 7, [[943,14], [965,14], [965,48], [943,48]]
Line #2: 2:39, [[988,18], [1055,18], [1055,46], [988,46]]
Line #3: unpa., [[200,110], [397,110], [397,163], [200,163]]
Line #4: (, [[37,125], [55,125], [55,148], [37,148]]
Line #5: STORE, [[48,128], [122,128], [122,146], [48,146]]
Line #6: 홈, [[67,240], [96,240], [96,273], [67,273]]
Line #7: 리뷰, [[216,240], [278,240], [278,274], [216,274]]
Line #8: 뷰티, [[364,240], [425,240], [425,274], [364,274]]
Line #9: 팁, [[434,240], [458,240], [458,273], [434,273]]
Line #10: 이벤트, [[530,240], [627,240], [627,275], [530,275]]
Line #11: 포토, [[712,242], [776,242], [776,271], [712,271]]
Line #12: 커듀, [[1026,242], [1079,242], [1079,274], [1026,274]]
Line #13: Q&A, [[873,245], [945,245], [945,276], [873,276]]
Line #14: 에뛰드, [[26,429], [132,429], [132,472], [26,472]]
Line #15: 하우스, [[134,429], [230,429], [230,472], [134,472]]
Line #16: 스킨, [[556,430], [634,430], [634,473], [556,473]]
Line #17: 푸드, [[636,430], [693,430], [693,473], [636,473]]
Line #18: 립, [[790,430], [817,430], [817,473], [790,473]]
Line #19: 과, [[819,430], [854,430], [854,473], [819,473]]
Line #20: 흔치, [[254,433], [314,433], [314,467], [254,467]]
Line #21: 대조, [[399,433], [461,433], [461,467], [399,467]]
Line #22: 녜, [[467,433], [492,433], [492,467], [467,467]]
Line #23: 다른, [[716,433], [778,433], [778,467], [716,467]]
Line #24: 케미, [[867,433], [917,433], [917,467], [867,467]]
Line #25: 폭발, [[925,433], [999,433], [999,467], [925,467]]
Line #26: 않은, [[322,434], [385,434], [385,467], [322,467]]
Line #27: 섀도우, [[34,489], [131,489], [131,522], [34,522]]
Line #28: THELPSACHITIS, [[793,763], [722,763], [722,819], [793,819]]
Line #29: Saemmul, [[193,764], [326,764], [326,780], [193,780]]
Line #30: 먼파, [[830,803], [854,803], [854,819], [830,819]]
Line #31: 부, [[877,807], [890,807], [890,824], [877,824]]
Line #32: by, [[861,809], [872,809], [872,821], [861,821]]
Line #33: 부품, [[894,809], [904,809], [904,826], [894,826]]
Line #34: FOR, [[698,813], [714,813], [714,821], [698,821]]
Line #35: COLORS, [[654,825], [691,825], [691,829], [654,829]]
Line #36: TR, [[610,834], [637,834], [637,842], [610,842]]
Line #37: 짱짱, [[194,1010], [259,1010], [259,1053], [194,1053]]
Line #38: 귤색, [[262,1010], [334,1010], [334,1053], [262,1053]]
Line #39: 스킨, [[555,1010], [633,1010], [633,1053], [555,1053]]
Line #40: 푸드, [[635,1010], [692,1010], [692,1053], [635,1053]]
Line #41: 발랄, [[887,1010], [955,1010], [955,1053], [887,1053]]
Line #42: 충전, [[957,1010], [1021,1010], [1021,1053], [957,1053]]
Line #43: 발색, [[119,1014], [179,1014], [179,1048], [119,1048]]
Line #44: 블러셔, [[346,1014], [441,1014], [441,1048], [346,1048]]
Line #45: 멀티, [[716,1014], [775,1014], [775,1048], [716,1048]]
Line #46: 생기, [[825,1014], [885,1014], [885,1048], [825,1048]]
Line #47: 로, [[783,1017], [812,1017], [812,1044], [783,1044]]
Line #48: 더샘, [[58,1023], [93,1023], [93,1027], [58,1027]]
Line #49: #, [[3,1245], [73,1245], [73,1310], [3,1310]]
Line #50: 핫이슈, [[75,1245], [205,1245], [205,1310], [75,1310]]
Line #51: 더보기, [[947,1264], [1013,1264], [1013,1288], [947,1288]]
Line #52: >, [[1032,1267], [1044,1267], [1044,1288], [1032,1288]]
Line #53: BEYOND, [[530,1382], [602,1382], [602,1403], [530,1403]]
Line #54: SOLUTION, [[781,1389], [722,1389], [722,1427], [781,1427]]
Line #55: THE, [[713,1400], [741,1400], [741,1404], [713,1404]]
Line #56: MASK, [[773,1418], [795,1418], [795,1420], [773,1420]]
Line #57: RAERMSSANT, [[808,1421], [759,1421], [759,1445], [808,1445]]
Line #58: FRMNG, [[753,1424], [726,1424], [726,1443], [753,1443]]
Line #59: FACE, [[756,1424], [774,1424], [774,1427], [756,1427]]
Line #60: unpa., [[64,1426], [236,1426], [236,1477], [64,1477]]
Line #61: MASQU, [[729,1443], [756,1443], [756,1446], [729,1446]]
Line #62: 01/, [[919,1462], [1012,1462], [1012,1538], [919,1538]]
Line #63: 마스크, [[804,1497], [776,1497], [776,1518], [804,1518]]
Line #64: BEAUTY, [[74,1514], [377,1514], [377,1575], [74,1575]]
Line #65: NEWS., [[406,1514], [663,1514], [663,1575], [406,1575]]
Line #66: 탄력, [[747,1517], [772,1517], [772,1519], [747,1519]]
Line #67: 02.14, [[810,1552], [1016,1552], [1016,1625], [810,1625]]
Line #68: DAY, [[813,1602], [874,1602], [874,1673], [813,1673]]
Line #69: Fll, [[979,1610], [1039,1610], [1039,1711], [979,1711]]
Line #70: highlighter, [[478,1668], [605,1668], [605,1712], [478,1712]]
Line #71: LASTING, [[787,1676], [824,1676], [824,1683], [787,1683]]
Line #72: COver, [[946,1687], [1010,1687], [1010,1698], [946,1698]]
Line #73: PRIMER, [[825,1694], [854,1694], [854,1697], [825,1697]]
Line #74: AR, [[785,1706], [797,1706], [797,1721], [785,1721]]
Line #75: unpa., [[28,1769], [134,1769], [134,1797], [28,1797]]
