Line #1: 1종보통, [[22,0], [189,0], [189,38], [22,38]]
Line #2: 자동차운전면허증, [[571,28], [930,28], [930,78], [571,78]]
Line #3: License), [[1092,37], [1225,37], [1225,74], [1092,74]]
Line #4: (Driver's, [[941,41], [1080,41], [1080,73], [941,73]]
Line #5: 강원, [[476,77], [649,77], [649,155], [476,155]]
Line #6: 22-222222-33, [[713,82], [1236,82], [1236,151], [713,151]]
Line #7: 111, [[477,176], [655,176], [655,226], [477,226]]
Line #8: 333333, [[475,230], [658,230], [658,281], [475,281]]
Line #9: 4444444, [[705,233], [910,233], [910,279], [705,279]]
Line #10: 강원도, [[474,288], [621,288], [621,332], [474,332]]
Line #11: 춘천시, [[651,288], [795,288], [795,332], [651,332]]
Line #12: 춘추로, [[826,288], [977,288], [977,330], [826,330]]
Line #13: 162,, [[1007,290], [1098,290], [1098,337], [1007,337]]
Line #14: 5555, [[480,338], [600,338], [600,382], [480,382]]
Line #15: 5555, [[627,341], [752,341], [752,379], [627,379]]
Line #16: (퇴계동,, [[482,385], [669,385], [669,430], [482,430]]
Line #17: 현대1차@), [[708,388], [924,388], [924,432], [708,432]]
Line #18: 적성검사, [[478,435], [670,435], [670,483], [478,483]]
Line #19: 2024,01,01, [[724,437], [1000,437], [1000,481], [724,481]]
Line #20: 기, [[478,486], [519,486], [519,531], [478,531]]
Line #21: 간, [[628,486], [672,486], [672,527], [628,527]]
Line #22: ~, [[746,488], [776,488], [776,522], [746,522]]
Line #23: 2024.12.31., [[802,488], [1080,488], [1080,533], [802,533]]
Line #24: :, [[708,489], [724,489], [724,527], [708,527]]
Line #25: 555555, [[1107,526], [1229,526], [1229,559], [1107,559]]
Line #26: 강원지방경찰청장, [[713,636], [1260,636], [1260,693], [713,693]]
Line #27: 2014,01.27, [[468,655], [704,655], [704,689], [468,689]]
