Line #1: 기간, [[597,213], [506,213], [506,262], [597,262]]
Line #2: :, [[473,243], [494,243], [494,264], [473,264]]
Line #3: ~, [[448,257], [474,257], [474,268], [448,268]]
Line #4: 2022.12.31., [[439,253], [310,253], [310,316], [439,316]]
Line #5: 적성검사, [[607,240], [514,240], [514,288], [607,288]]
Line #6: 2022.01.01., [[487,270], [350,270], [350,326], [487,326]]
Line #7: 1111, [[549,281], [620,281], [620,284], [549,284]]
Line #8: (2222.55555), [[549,281], [328,281], [328,369], [549,369]]
Line #9: 66번길, [[546,308], [628,308], [628,309], [546,309]]
Line #10: 10,, [[496,321], [539,321], [539,334], [496,334]]
Line #11: 523동, [[485,327], [432,327], [432,362], [485,362]]
Line #12: 경기, [[570,330], [636,330], [636,337], [570,337]]
Line #13: 666666-6666666, [[639,341], [427,341], [427,434], [639,434]]
Line #14: 777, [[551,396], [652,396], [652,398], [551,398]]
Line #15: 경기, [[569,432], [660,432], [660,443], [569,443]]
Line #16: 88-888888-88, [[541,437], [289,437], [289,546], [541,546]]
Line #17: 자동차운전면허증, [[616,464], [452,464], [452,538], [616,538]]
Line #18: (Driver'sLicense), [[438,510], [308,510], [308,567], [438,567]]
Line #19: 1종보통, [[795,430], [886,430], [886,431], [795,431]]
Line #20: 2012.04.05., [[575,125], [473,125], [473,176], [575,176]]
Line #21: 경기지방경찰청장, [[452,154], [203,154], [203,259], [452,259]]
Line #22: 999999, [[288,280], [229,280], [229,312], [288,312]]
Line #23: 용인, [[521,349], [570,349], [570,354], [521,354]]
Line #24: 수지, [[454,360], [507,360], [507,372], [454,372]]
Line #25: 진산로, [[371,388], [451,388], [451,388], [371,388]]
