Line #1: 1종보통, [[22,0], [189,0], [189,38], [22,38]]
Line #2: 자동차운전면허증 (Driver's License), [[571,28], [1225,28], [1225,74], [571,74]]
Line #3: 강원 22-222222-33, [[476,77], [1236,77], [1236,151], [476,151]]
Line #4: 111, [[477,176], [655,176], [655,226], [477,226]]
Line #5: 333333 4444444, [[475,230], [910,230], [910,279], [475,279]]
Line #6: 강원도 춘천시 춘추로 162,, [[474,288], [1098,288], [1098,337], [474,337]]
Line #7: 5555 5555, [[480,338], [752,338], [752,379], [480,379]]
Line #8: (퇴계동, 현대1차@), [[482,385], [924,385], [924,432], [482,432]]
Line #9: 적성검사 2024,01,01, [[478,435], [1000,435], [1000,481], [478,481]]
Line #10: 기 간 : ~ 2024.12.31., [[478,486], [1080,486], [1080,533], [478,533]]
Line #11: 555555, [[1107,526], [1229,526], [1229,559], [1107,559]]
Line #12: 2014,01.27 강원지방경찰청장, [[468,655], [1260,655], [1260,693], [468,693]]
